Date,Daily Confirmed,Total Confirmed,Daily Recovered,Total Recovered,Daily Deceased,Total Deceased
30 January ,1,1,0,0,0,0
31 January ,0,1,0,0,0,0
01 February ,0,1,0,0,0,0
02 February ,1,2,0,0,0,0
03 February ,1,3,0,0,0,0
04 February ,0,3,0,0,0,0
05 February ,0,3,0,0,0,0
06 February ,0,3,0,0,0,0
07 February ,0,3,0,0,0,0
08 February ,0,3,0,0,0,0
09 February ,0,3,0,0,0,0
10 February ,0,3,0,0,0,0
11 February ,0,3,0,0,0,0
12 February ,0,3,0,0,0,0
13 February ,0,3,1,1,0,0
14 February ,0,3,0,1,0,0
15 February ,0,3,0,1,0,0
16 February ,0,3,1,2,0,0
17 February ,0,3,0,2,0,0
18 February ,0,3,0,2,0,0
19 February ,0,3,0,2,0,0
20 February ,0,3,1,3,0,0
21 February ,0,3,0,3,0,0
22 February ,0,3,0,3,0,0
23 February ,0,3,0,3,0,0
24 February ,0,3,0,3,0,0
25 February ,0,3,0,3,0,0
26 February ,0,3,0,3,0,0
27 February ,0,3,0,3,0,0
28 February ,0,3,0,3,0,0
29 February ,0,3,0,3,0,0
01 March ,0,3,0,3,0,0
02 March ,2,5,0,3,0,0
03 March ,1,6,0,3,0,0
04 March ,22,28,0,3,0,0
05 March ,2,30,0,3,0,0
06 March ,1,31,0,3,0,0
07 March ,3,34,0,3,0,0
08 March ,5,39,0,3,0,0
09 March ,9,48,0,3,0,0
10 March ,15,63,1,4,0,0
11 March ,8,71,0,4,0,0
12 March ,10,81,0,4,1,1
13 March ,10,91,6,10,0,1
14 March ,14,105,0,10,1,2
15 March ,10,115,3,13,0,2
16 March ,14,129,1,14,0,2
17 March ,20,149,1,15,1,3
18 March ,25,174,0,15,0,3
19 March ,27,201,5,20,1,4
20 March ,58,259,3,23,0,4
21 March ,78,337,0,23,0,4
22 March ,69,406,0,23,3,7
23 March ,94,500,2,25,2,9
24 March ,74,574,15,40,1,10
25 March ,86,660,3,43,1,11
26 March ,73,733,7,50,5,16
27 March ,153,886,25,75,3,19
28 March ,136,1022,10,85,5,24
29 March ,120,1142,17,102,3,27
30 March ,187,1329,35,137,14,41
31 March ,309,1638,13,150,6,47
01 April ,424,2062,19,169,6,53
02 April ,486,2548,22,191,16,69
03 April ,560,3108,39,230,14,83
04 April ,579,3687,56,286,13,96
05 April ,609,4296,43,329,22,118
06 April ,484,4780,65,394,16,134
07 April ,573,5353,75,469,27,161
08 April ,565,5918,96,565,20,181
09 April ,813,6731,70,635,46,227
10 April ,871,7602,151,786,22,249
11 April ,854,8456,186,972,41,290
12 April ,760,9216,114,1086,42,332
13 April ,1245,10461,112,1198,27,359
14 April ,1035,11496,167,1365,37,396
15 April ,888,12384,144,1509,27,423
16 April ,1065,13449,258,1767,26,449
17 April ,922,14371,273,2040,38,487
18 April ,1383,15754,426,2466,35,522
19 April ,1612,17366,388,2854,38,560
20 April ,0,17366,0,2854,0,560
21 April ,0,17366,0,2854,0,560
22 April ,0,17366,0,2854,0,560
23 April ,0,17366,0,2854,0,560
24 April ,0,17366,0,2854,0,560